Plane
0,364,477
1,545,576
2,652,435
3,486,362
Wall-02-02
0,423,206
1,463,220
2,492,199
3,452,185
Wall-01-02
0,505,235
1,549,251
2,576,227
3,533,213
Wall00-02
0,596,267
1,645,285
2,670,259
3,622,243
Wall01-02
0,697,304
1,752,323
2,774,294
3,720,276
Wall02-02
0,811,344
1,873,366
2,890,334
3,830,313
Wall-02-01
0,356,251
1,398,267
2,432,243
3,391,227
Wall-01-01
0,442,285
1,488,304
2,520,276
3,474,259
Wall00-01
0,537,323
1,589,344
2,618,313
3,568,294
Wall01-01
0,644,366
1,703,390
2,729,355
3,672,334
Wall02-01
0,766,415
1,833,442
2,854,402
3,789,378
Wall-0200
0,279,304
1,322,323
2,361,294
3,319,276
Wall-0100
0,367,344
1,415,366
2,453,334
3,406,313
Wall0000
0,467,390
1,521,415
2,557,378
3,503,355
Wall0100
0,580,442
1,643,471
2,674,429
3,614,402
Wall0200
0,711,502
1,783,536
2,809,487
3,740,457
Wall-0201
0,186,366
1,230,390
2,278,355
3,235,334
Wall-0101
0,277,415
1,327,442
2,373,402
3,324,378
Wall0001
0,381,471
1,439,502
2,482,457
3,426,429
Wall0101
0,501,536
1,568,572
2,608,519
3,543,487
Wall0201
0,641,612
1,721,654
2,754,592
3,678,554
Wall-0202
0,74,442
1,119,471
2,178,429
3,133,402
Wall-0102
0,167,502
1,219,536
2,276,487
3,225,457
Wall0002
0,275,572
1,335,612
2,390,554
3,331,519
Wall0102
0,401,654
1,473,701
2,524,633
3,454,592
Wall0202
0,552,752
1,639,809
2,683,726
3,600,677
