Plane
0,405,464
1,619,464
2,619,304
3,405,304
Wall-02-02
0,183,192
1,256,192
2,256,137
3,183,137
Wall-01-02
0,329,192
1,402,192
2,402,137
3,329,137
Wall00-02
0,475,192
1,549,192
2,549,137
3,475,137
Wall01-02
0,622,192
1,695,192
2,695,137
3,622,137
Wall02-02
0,768,192
1,841,192
2,841,137
3,768,137
Wall-02-01
0,183,302
1,256,302
2,256,247
3,183,247
Wall-01-01
0,329,302
1,402,302
2,402,247
3,329,247
Wall00-01
0,475,302
1,549,302
2,549,247
3,475,247
Wall01-01
0,622,302
1,695,302
2,695,247
3,622,247
Wall02-01
0,768,302
1,841,302
2,841,247
3,768,247
Wall-0200
0,183,411
1,256,411
2,256,357
3,183,357
Wall-0100
0,329,411
1,402,411
2,402,357
3,329,357
Wall0000
0,475,411
1,549,411
2,549,357
3,475,357
Wall0100
0,622,411
1,695,411
2,695,357
3,622,357
Wall0200
0,768,411
1,841,411
2,841,357
3,768,357
Wall-0201
0,183,521
1,256,521
2,256,466
3,183,466
Wall-0101
0,329,521
1,402,521
2,402,466
3,329,466
Wall0001
0,475,521
1,549,521
2,549,466
3,475,466
Wall0101
0,622,521
1,695,521
2,695,466
3,622,466
Wall0201
0,768,521
1,841,521
2,841,466
3,768,466
Wall-0202
0,183,631
1,256,631
2,256,576
3,183,576
Wall-0102
0,329,631
1,402,631
2,402,576
3,329,576
Wall0002
0,475,631
1,549,631
2,549,576
3,475,576
Wall0102
0,622,631
1,695,631
2,695,576
3,622,576
Wall0202
0,768,631
1,841,631
2,841,576
3,768,576
